{
	"asset": {
		"generator": "SOLIDWORKSGLTF",
		"version" : "2.0"
	},
"extensionsUsed": [ "KHR_lights_punctual", "Solidworks_custom_properties", "KHR_draco_mesh_compression"],
"extensionsRequired": [ "KHR_draco_mesh_compression" ],
	"scene" : 0,
	"scenes": [
		{
			"name": "Predeterminado - Estado de visualización-1",
			"nodes": [
				0, 1]
		}
	],
	"nodes": [
		{
			"matrix": [
				-0.770215,					-0.0310555,					-0.637028,					0,
				-0.202541,					0.959021,					0.198134,					0,
				0.60477,					0.28163,					-0.744942,					0,
				2.79857,					1.22876,					-3.55841,					1
			]
			,"camera": 0
			,"name": "current"		}
,
		{
			"children": [
				2, 3, 4, 5, 6, 7, 8, 9, 10, 11, 12, 13, 14, 15, 16, 17, 18, 19, 20, 21, 22, 23, 24, 27, 28, 29, 30, 31, 32, 33, 34, 35, 36, 56, 76, 77, 97, 117, 118, 119, 120, 121, 122, 123, 124, 125, 126, 127, 128, 129, 130, 131, 132, 133, 134, 135, 136, 137, 138, 139, 140, 141, 142, 143, 144, 145, 146, 147, 148, 149, 150, 167, 184, 220
			]
			,"name": "x500v2"		}
,
		{
			"matrix": [
				-0.707107,					0,					-0.707107,					0,
				0,					1,					0,					0,
				0.707107,					0,					-0.707107,					0,
				0.176876,					0.0287,					-0.176876,					1
			]
			,"name": "DJ-2216-KV880-1"		}
,
		{
			"matrix": [
				1,					0,					0,					0,
				0,					0,					1,					0,
				0,					-1,					0,					0,
				-0.01525,					0,					-0.01525,					1
			]
			,"name": "M3-14-PAN-2"		}
,
		{
			"matrix": [
				1,					0,					0,					0,
				0,					1,					0,					0,
				0,					0,					1,					0,
				0.01525,					0.002,					-0.01525,					1
			]
			,"name": "NILONGZHU-M3-5-1"		}
,
		{
			"matrix": [
				1,					0,					0,					0,
				0,					1,					0,					0,
				0,					0,					1,					0,
				0.01525,					0.0082,					0.01525,					1
			]
			,"mesh": 0
			,"name": "ZSLM-M3-DING-1"		}
,
		{
			"matrix": [
				-1,					0,					0,					0,
				0,					0,					1,					0,
				0,					1,					0,					0,
				0.03925,					-0.0156,					0.047,					1
			]
			,"name": "X500-TAO-XT60-1"		}
,
		{
			"matrix": [
				1,					0,					0,					0,
				0,					1,					0,					0,
				0,					0,					1,					0,
				0.120166,					-0.026,					0.0065,					1
			]
			,"mesh": 1
			,"name": "ZSLM-M3-DING-9"		}
,
		{
			"matrix": [
				1,					0,					0,					0,
				0,					0,					1,					0,
				0,					-1,					0,					0,
				0.132166,					-0.028,					-0.0055,					1
			]
			,"mesh": 2
			,"name": "M3-10-PAN-DING-6"		}
,
		{
			"matrix": [
				1,					0,					0,					0,
				0,					0,					1,					0,
				0,					-1,					0,					0,
				0.120166,					-0.028,					-0.0055,					1
			]
			,"mesh": 3
			,"name": "M3-10-PAN-DING-5"		}
,
		{
			"matrix": [
				1,					0,					0,					0,
				0,					1,					0,					0,
				0,					0,					1,					0,
				-0.01525,					0.002,					-0.01525,					1
			]
			,"name": "NILONGZHU-M3-5-2"		}
,
		{
			"matrix": [
				1,					0,					0,					0,
				0,					0,					1,					0,
				0,					-1,					0,					0,
				0.120166,					-0.028,					0.0065,					1
			]
			,"mesh": 4
			,"name": "M3-10-PAN-DING-7"		}
,
		{
			"matrix": [
				1,					0,					0,					0,
				0,					-1,					0,					0,
				0,					0,					-1,					0,
				0.0295,					-0.0106,					0.047,					1
			]
			,"name": "TOU-XT60H-M-14AWG-1"		}
,
		{
			"matrix": [
				1,					0,					0,					0,
				0,					1,					0,					0,
				0,					0,					1,					0,
				0.01525,					0.002,					0.01525,					1
			]
			,"name": "NILONGZHU-M3-5-4"		}
,
		{
			"matrix": [
				1,					0,					0,					0,
				0,					1,					0,					0,
				0,					0,					1,					0,
				0.01525,					0.0082,					-0.01525,					1
			]
			,"mesh": 5
			,"name": "ZSLM-M3-DING-2"		}
,
		{
			"matrix": [
				1,					0,					0,					0,
				0,					1,					0,					0,
				0,					0,					1,					0,
				0.132166,					-0.026,					-0.0055,					1
			]
			,"mesh": 6
			,"name": "ZSLM-M3-DING-12"		}
,
		{
			"matrix": [
				1,					0,					0,					0,
				0,					1,					0,					0,
				0,					0,					1,					0,
				-0.01525,					0.002,					0.01525,					1
			]
			,"name": "NILONGZHU-M3-5-3"		}
,
		{
			"matrix": [
				1,					0,					0,					0,
				0,					0,					1,					0,
				0,					-1,					0,					0,
				-0.01525,					0,					0.01525,					1
			]
			,"name": "M3-14-PAN-3"		}
,
		{
			"matrix": [
				1,					0,					0,					0,
				0,					0,					1,					0,
				0,					-1,					0,					0,
				0.01525,					0,					0.01525,					1
			]
			,"name": "M3-14-PAN-4"		}
,
		{
			"matrix": [
				1,					0,					0,					0,
				0,					1,					0,					0,
				0,					0,					1,					0,
				0.120166,					-0.026,					-0.0055,					1
			]
			,"mesh": 7
			,"name": "ZSLM-M3-DING-10"		}
,
		{
			"matrix": [
				1,					0,					0,					0,
				0,					1,					0,					0,
				0,					0,					1,					0,
				0.132166,					-0.026,					0.0065,					1
			]
			,"mesh": 8
			,"name": "ZSLM-M3-DING-11"		}
,
		{
			"matrix": [
				1,					0,					0,					0,
				0,					0,					1,					0,
				0,					-1,					0,					0,
				0.01525,					0,					-0.01525,					1
			]
			,"name": "M3-14-PAN-1"		}
,
		{
			"mesh": 9
			,"name": "BOTTOM-PLATE-X500-V5-1"		}
,
		{
			"matrix": [
				1,					0,					0,					0,
				0,					1,					0,					0,
				0,					0,					1,					0,
				0,					0.03,					0,					1
			]
			,"mesh": 10
			,"name": "TOP-PLATE-X500-V5-1"		}
,
		{
			"children": [
				25, 26
			]
			,"matrix": [
				1,					0,					0,					0,
				0,					1,					0,					0,
				0,					0,					1,					0,
				0,					0.007,					0,					1
			]
			,"name": "PCBA-PM06_ASM-1"		}
,
		{
			"matrix": [
				0,					0,					1,					0,
				-1,					0,					0,					0,
				0,					-1,					0,					0,
				-0.01325,					0.003325,					0.0055,					1
			]
			,"name": "BM06B-WO-1"		}
,
		{
			"name": "PCB-PM06-1"		}
,
		{
			"matrix": [
				1,					0,					0,					0,
				0,					0,					-1,					0,
				0,					1,					0,					0,
				-0.0665741,					0.032,					-0.0510178,					1
			]
			,"mesh": 11
			,"name": "GB70-M3-38-15"		}
,
		{
			"matrix": [
				1,					0,					0,					0,
				0,					0,					-1,					0,
				0,					1,					0,					0,
				0.0510178,					0.032,					-0.0665741,					1
			]
			,"mesh": 12
			,"name": "GB70-M3-38-4"		}
,
		{
			"matrix": [
				1,					0,					0,					0,
				0,					0,					-1,					0,
				0,					1,					0,					0,
				0.0425325,					0.032,					-0.0580888,					1
			]
			,"mesh": 13
			,"name": "GB70-M3-38-3"		}
,
		{
			"matrix": [
				1,					0,					0,					0,
				0,					0,					-1,					0,
				0,					1,					0,					0,
				0.0665741,					0.032,					0.0510178,					1
			]
			,"mesh": 14
			,"name": "GB70-M3-38-7"		}
,
		{
			"matrix": [
				1,					0,					0,					0,
				0,					0,					-1,					0,
				0,					1,					0,					0,
				-0.0425325,					0.032,					0.0580888,					1
			]
			,"mesh": 15
			,"name": "GB70-M3-38-8"		}
,
		{
			"matrix": [
				1,					0,					0,					0,
				0,					0,					-1,					0,
				0,					1,					0,					0,
				0.0425325,					0.032,					0.0580888,					1
			]
			,"mesh": 16
			,"name": "GB70-M3-38-16"		}
,
		{
			"matrix": [
				-0.837169,					0,					-0.546944,					0,
				0,					-1,					0,					0,
				-0.546944,					0,					0.837169,					0,
				0.0510178,					5.72459e-17,					0.0665741,					1
			]
			,"mesh": 17
			,"name": "ZSLM-M3-FALAN-2"		}
,
		{
			"matrix": [
				1,					0,					0,					0,
				0,					0,					-1,					0,
				0,					1,					0,					0,
				0.0580888,					0.032,					0.0425325,					1
			]
			,"mesh": 18
			,"name": "GB70-M3-38-5"		}
,
		{
			"matrix": [
				1,					0,					0,					0,
				0,					1,					0,					0,
				0,					0,					1,					0,
				-0.01525,					0.0082,					-0.01525,					1
			]
			,"mesh": 19
			,"name": "ZSLM-M3-DING-3"		}
,
		{
			"children": [
				37, 38, 39, 40, 41, 42, 43, 44, 45, 46, 47, 48, 49, 50, 51, 52, 53, 54, 55
			]
			,"matrix": [
				-0.705704,					0.0629552,					0.705704,					0,
				0.0445161,					0.998016,					-0.0445161,					0,
				-0.707107,					1.85075e-21,					-0.707107,					0,
				-0.0532353,					-0.00508019,					-0.0465035,					1
			]
			,"name": "HMX5V-ARM-V1_ASM-5"		}
,
		{
			"matrix": [
				-0.998016,					0.0629552,					-1.11022e-16,					0,
				5.55112e-17,					-6.93889e-18,					-1,					0,
				-0.0629552,					-0.998016,					5.60926e-23,					0,
				-0.00342354,					0.021338,					0.00662403,					1
			]
			,"name": "HMX5V-JIBI-JIA-MUJU-1"		}
,
		{
			"matrix": [
				-1.11022e-16,					0,					-1,					0,
				-0.998016,					0.0629552,					1.10802e-16,					0,
				0.0629552,					0.998016,					-6.98943e-18,					0,
				-0.00342354,					0.021338,					0.179665,					1
			]
			,"mesh": 20
			,"name": "HMX5V-ZUO-DJ-MUJU-1"		}
,
		{
			"matrix": [
				-0.998016,					0.0629552,					-4.996e-16,					0,
				-1.66533e-16,					2.08167e-17,					1,					0,
				0.0629552,					0.998016,					4.91024e-18,					0,
				-0.017018,					0.0282075,					0.193665,					1
			]
			,"mesh": 21
			,"name": "GB70-M25-6-2"		}
,
		{
			"matrix": [
				0.998016,					-0.0629552,					5.55112e-16,					0,
				-3.33067e-16,					2.77556e-17,					1,					0,
				-0.0629552,					-0.998016,					-1.85075e-21,					0,
				-0.0178616,					0.0148341,					0.193665,					1
			]
			,"mesh": 22
			,"name": "GB70-M25-6-4"		}
,
		{
			"matrix": [
				-0.998016,					0.0629552,					-4.44089e-16,					0,
				-1.66533e-16,					2.08167e-17,					1,					0,
				0.0629552,					0.998016,					9.81678e-18,					0,
				-0.015022,					0.0280816,					0.153665,					1
			]
			,"mesh": 23
			,"name": "GB70-M25-12-2"		}
,
		{
			"matrix": [
				0.998016,					-0.0629552,					1.11022e-16,					0,
				5.55112e-17,					-6.93889e-18,					-1,					0,
				0.0629552,					0.998016,					1.85075e-21,					0,
				-0.00342354,					0.021338,					0.00662403,					1
			]
			,"name": "HMX5V-JIBI-JIA-MUJU-2"		}
,
		{
			"matrix": [
				4.996e-16,					-3.46945e-17,					-1,					0,
				-0.998016,					0.0629552,					-5.00794e-16,					0,
				0.0629552,					0.998016,					-3.17321e-18,					0,
				-0.00341724,					0.0214378,					0.179665,					1
			]
			,"mesh": 24
			,"name": "HMX5V-DIGAI-DIANJIZUO-MUJU-1"		}
,
		{
			"matrix": [
				0.998016,					-0.0629552,					0,					0,
				0.0629552,					0.998016,					4.90839e-18,					0,
				-3.09009e-19,					-4.89865e-18,					1,					0,
				-0.00317172,					0.0253301,					0.179665,					1
			]
			,"mesh": 25
			,"name": "BAN-DJ-DIAN-F2-1"		}
,
		{
			"matrix": [
				-0.998016,					0.0629552,					-4.44089e-16,					0,
				-1.66533e-16,					2.08167e-17,					1,					0,
				0.0629552,					0.998016,					4.91024e-18,					0,
				0.0109264,					0.0264448,					0.193665,					1
			]
			,"mesh": 26
			,"name": "GB70-M25-6-1"		}
,
		{
			"matrix": [
				0.998016,					-0.0629552,					5.55112e-16,					0,
				-3.33067e-16,					2.77556e-17,					1,					0,
				-0.0629552,					-0.998016,					-1.85075e-21,					0,
				0.0100828,					0.0130713,					0.193665,					1
			]
			,"mesh": 27
			,"name": "GB70-M25-6-3"		}
,
		{
			"matrix": [
				-0.376371,					0.0237416,					-0.926165,					0,
				-0.924328,					0.0583069,					0.377119,					0,
				0.0629552,					0.998016,					1.73472e-17,					0,
				0.00893039,					0.0265707,					0.153665,					1
			]
			,"mesh": 28
			,"name": "GB70-M25-12-1"		}
,
		{
			"matrix": [
				0.998016,					-0.0629552,					1.11022e-16,					0,
				-1.10362e-16,					1.3965e-17,					1,					0,
				-0.0629552,					-0.998016,					6.98943e-18,					0,
				-0.00987591,					0.025753,					0.172948,					1
			]
			,"mesh": 29
			,"name": "GB70-M3-6-2"		}
,
		{
			"matrix": [
				0.998016,					-0.0629552,					1.11022e-16,					0,
				-1.10362e-16,					1.3965e-17,					1,					0,
				-0.0629552,					-0.998016,					6.98943e-18,					0,
				-0.00881735,					0.0256862,					0.185322,					1
			]
			,"mesh": 30
			,"name": "GB70-M3-6-4"		}
,
		{
			"matrix": [
				1,					0,					0,					0,
				0,					1,					0,					0,
				0,					0,					1,					0,
				-0.00342354,					0.021338,					-0.00357597,					1
			]
			,"mesh": 31
			,"name": "Brazo-1"		}
,
		{
			"matrix": [
				0.998016,					-0.0629552,					1.11022e-16,					0,
				-1.10362e-16,					1.3965e-17,					1,					0,
				-0.0629552,					-0.998016,					6.98943e-18,					0,
				0.00353247,					0.0249072,					0.186383,					1
			]
			,"mesh": 32
			,"name": "GB70-M3-6-1"		}
,
		{
			"matrix": [
				0.998016,					-0.0629552,					1.11022e-16,					0,
				-1.10362e-16,					1.3965e-17,					1,					0,
				-0.0629552,					-0.998016,					6.98943e-18,					0,
				0.00247391,					0.024974,					0.174008,					1
			]
			,"mesh": 33
			,"name": "GB70-M3-6-3"		}
,
		{
			"matrix": [
				-0.998016,					0.0629552,					-6.66134e-16,					0,
				-3.33067e-16,					2.77556e-17,					1,					0,
				0.0629552,					0.998016,					4.90839e-18,					0,
				-0.0151479,					0.0260856,					0.127665,					1
			]
			,"mesh": 34
			,"name": "GB70-M25-10-2"		}
,
		{
			"matrix": [
				-0.998016,					0.0629552,					-6.66134e-16,					0,
				-3.33067e-16,					2.77556e-17,					1,					0,
				0.0629552,					0.998016,					4.90839e-18,					0,
				0.00880448,					0.0245746,					0.127665,					1
			]
			,"mesh": 35
			,"name": "GB70-M25-10-1"		}
,
		{
			"matrix": [
				0.998016,					-0.0629552,					1.60982e-15,					0,
				0.0629552,					0.998016,					4.90839e-18,					0,
				-1.60694e-15,					9.64481e-17,					1,					0,
				-0.00262401,					0.0340129,					0.179665,					1
			]
			,"name": "DJ-2216-KV880-1"		}
,
		{
			"children": [
				57, 58, 59, 60, 61, 62, 63, 64, 65, 66, 67, 68, 69, 70, 71, 72, 73, 74, 75
			]
			,"matrix": [
				-0.705704,					0.0629552,					-0.705704,					0,
				0.0445161,					0.998016,					0.0445161,					0,
				0.707107,					0,					-0.707107,					0,
				0.0465035,					-0.00508019,					-0.0532353,					1
			]
			,"name": "HMX5V-ARM-V1_ASM-4"		}
,
		{
			"matrix": [
				-0.998016,					0.0629552,					0,					0,
				0,					6.93889e-18,					-1,					0,
				-0.0629552,					-0.998016,					4.90655e-18,					0,
				-0.00342354,					0.021338,					0.00662403,					1
			]
			,"name": "HMX5V-JIBI-JIA-MUJU-1"		}
,
		{
			"matrix": [
				0,					6.93889e-18,					-1,					0,
				-0.998016,					0.0629552,					4.36839e-19,					0,
				0.0629552,					0.998016,					6.92513e-18,					0,
				-0.00342354,					0.021338,					0.179665,					1
			]
			,"mesh": 36
			,"name": "HMX5V-ZUO-DJ-MUJU-1"		}
,
		{
			"matrix": [
				-0.998016,					0.0629552,					-3.33067e-16,					0,
				-3.33067e-16,					1.38778e-17,					1,					0,
				0.0629552,					0.998016,					-4.90469e-18,					0,
				-0.017018,					0.0282075,					0.193665,					1
			]
			,"mesh": 37
			,"name": "GB70-M25-6-2"		}
,
		{
			"matrix": [
				0.998016,					-0.0629552,					4.44089e-16,					0,
				-4.44089e-16,					2.08167e-17,					1,					0,
				-0.0629552,					-0.998016,					4.90654e-18,					0,
				-0.0178616,					0.0148341,					0.193665,					1
			]
			,"mesh": 38
			,"name": "GB70-M25-6-4"		}
,
		{
			"matrix": [
				-0.998016,					0.0629552,					-2.77556e-16,					0,
				-3.33067e-16,					1.38778e-17,					1,					0,
				0.0629552,					0.998016,					-4.90469e-18,					0,
				-0.015022,					0.0280816,					0.153665,					1
			]
			,"mesh": 39
			,"name": "GB70-M25-12-2"		}
,
		{
			"matrix": [
				0.998016,					-0.0629552,					0,					0,
				0,					6.93889e-18,					-1,					0,
				0.0629552,					0.998016,					-4.90469e-18,					0,
				-0.00342354,					0.021338,					0.00662403,					1
			]
			,"name": "HMX5V-JIBI-JIA-MUJU-2"		}
,
		{
			"matrix": [
				6.10623e-16,					-3.46945e-17,					-1,					0,
				-0.998016,					0.0629552,					-5.55112e-16,					0,
				0.0629552,					0.998016,					-6.90253e-31,					0,
				-0.00341724,					0.0214378,					0.179665,					1
			]
			,"mesh": 40
			,"name": "HMX5V-DIGAI-DIANJIZUO-MUJU-1"		}
,
		{
			"matrix": [
				0.998016,					-0.0629552,					0,					0,
				0.0629552,					0.998016,					-4.90654e-18,					0,
				0,					-6.93889e-18,					1,					0,
				-0.00317172,					0.0253301,					0.179665,					1
			]
			,"mesh": 41
			,"name": "BAN-DJ-DIAN-F2-1"		}
,
		{
			"matrix": [
				-0.998016,					0.0629552,					-2.77556e-16,					0,
				-3.33067e-16,					1.38778e-17,					1,					0,
				0.0629552,					0.998016,					-4.90469e-18,					0,
				0.0109264,					0.0264448,					0.193665,					1
			]
			,"mesh": 42
			,"name": "GB70-M25-6-1"		}
,
		{
			"matrix": [
				0.998016,					-0.0629552,					4.44089e-16,					0,
				-4.44089e-16,					2.08167e-17,					1,					0,
				-0.0629552,					-0.998016,					4.90654e-18,					0,
				0.0100828,					0.0130713,					0.193665,					1
			]
			,"mesh": 43
			,"name": "GB70-M25-6-3"		}
,
		{
			"matrix": [
				-0.376371,					0.0237416,					-0.926165,					0,
				-0.924328,					0.0583069,					0.377119,					0,
				0.0629552,					0.998016,					3.565e-17,					0,
				0.00893039,					0.0265707,					0.153665,					1
			]
			,"mesh": 44
			,"name": "GB70-M25-12-1"		}
,
		{
			"matrix": [
				0.998016,					-0.0629552,					0,					0,
				0,					-6.93889e-18,					1,					0,
				-0.0629552,					-0.998016,					4.90654e-18,					0,
				-0.00987591,					0.025753,					0.172948,					1
			]
			,"mesh": 45
			,"name": "GB70-M3-6-2"		}
,
		{
			"matrix": [
				0.998016,					-0.0629552,					0,					0,
				0,					-6.93889e-18,					1,					0,
				-0.0629552,					-0.998016,					4.90654e-18,					0,
				-0.00881735,					0.0256862,					0.185322,					1
			]
			,"mesh": 46
			,"name": "GB70-M3-6-4"		}
,
		{
			"matrix": [
				1,					0,					0,					0,
				0,					1,					0,					0,
				0,					0,					1,					0,
				-0.00342354,					0.021338,					-0.00357597,					1
			]
			,"mesh": 47
			,"name": "Brazo-1"		}
,
		{
			"matrix": [
				0.998016,					-0.0629552,					0,					0,
				0,					-6.93889e-18,					1,					0,
				-0.0629552,					-0.998016,					4.90654e-18,					0,
				0.00353247,					0.0249072,					0.186383,					1
			]
			,"mesh": 48
			,"name": "GB70-M3-6-1"		}
,
		{
			"matrix": [
				0.998016,					-0.0629552,					0,					0,
				0,					-6.93889e-18,					1,					0,
				-0.0629552,					-0.998016,					4.90654e-18,					0,
				0.00247391,					0.024974,					0.174008,					1
			]
			,"mesh": 49
			,"name": "GB70-M3-6-3"		}
,
		{
			"matrix": [
				-0.998016,					0.0629552,					-4.44089e-16,					0,
				-4.44089e-16,					2.08167e-17,					1,					0,
				0.0629552,					0.998016,					-4.90654e-18,					0,
				-0.0151479,					0.0260856,					0.127665,					1
			]
			,"mesh": 50
			,"name": "GB70-M25-10-2"		}
,
		{
			"matrix": [
				-0.998016,					0.0629552,					-4.44089e-16,					0,
				-4.44089e-16,					2.08167e-17,					1,					0,
				0.0629552,					0.998016,					-4.90654e-18,					0,
				0.00880448,					0.0245746,					0.127665,					1
			]
			,"mesh": 51
			,"name": "GB70-M25-10-1"		}
,
		{
			"matrix": [
				0.998016,					-0.0629552,					1.4988e-15,					0,
				0.0629552,					0.998016,					-4.90654e-18,					0,
				-1.55431e-15,					9.02056e-17,					1,					0,
				-0.00262401,					0.0340129,					0.179665,					1
			]
			,"name": "DJ-2216-KV880-1"		}
,
		{
			"matrix": [
				1,					0,					0,					0,
				0,					0,					1,					0,
				0,					-1,					0,					0,
				0.132166,					-0.028,					0.0065,					1
			]
			,"mesh": 52
			,"name": "M3-10-PAN-DING-8"		}
,
		{
			"children": [
				78, 79, 80, 81, 82, 83, 84, 85, 86, 87, 88, 89, 90, 91, 92, 93, 94, 95, 96
			]
			,"matrix": [
				0.705704,					0.0629552,					-0.705704,					0,
				-0.0445161,					0.998016,					0.0445161,					0,
				0.707107,					1.85075e-21,					0.707107,					0,
				0.0532353,					-0.00508019,					0.0465035,					1
			]
			,"name": "HMX5V-ARM-V1_ASM-6"		}
,
		{
			"matrix": [
				-0.998016,					0.0629552,					-1.11022e-16,					0,
				0,					-1.38778e-17,					-1,					0,
				-0.0629552,					-0.998016,					5.60926e-23,					0,
				-0.00342354,					0.021338,					0.00662403,					1
			]
			,"name": "HMX5V-JIBI-JIA-MUJU-1"		}
,
		{
			"matrix": [
				-1.11022e-16,					-6.93889e-18,					-1,					0,
				-0.998016,					0.0629552,					1.11022e-16,					0,
				0.0629552,					0.998016,					1.97215e-31,					0,
				-0.00342354,					0.021338,					0.179665,					1
			]
			,"mesh": 53
			,"name": "HMX5V-ZUO-DJ-MUJU-1"		}
,
		{
			"matrix": [
				-0.998016,					0.0629552,					-4.44089e-16,					0,
				-2.22045e-16,					2.77556e-17,					1,					0,
				0.0629552,					0.998016,					1.47233e-17,					0,
				-0.017018,					0.0282075,					0.193665,					1
			]
			,"mesh": 54
			,"name": "GB70-M25-6-2"		}
,
		{
			"matrix": [
				0.998016,					-0.0629552,					5.55112e-16,					0,
				-3.33067e-16,					4.16334e-17,					1,					0,
				-0.0629552,					-0.998016,					-9.81493e-18,					0,
				-0.0178616,					0.0148341,					0.193665,					1
			]
			,"mesh": 55
			,"name": "GB70-M25-6-4"		}
,
		{
			"matrix": [
				-0.998016,					0.0629552,					-4.996e-16,					0,
				-2.22045e-16,					2.77556e-17,					1,					0,
				0.0629552,					0.998016,					1.96299e-17,					0,
				-0.015022,					0.0280816,					0.153665,					1
			]
			,"mesh": 56
			,"name": "GB70-M25-12-2"		}
,
		{
			"matrix": [
				0.998016,					-0.0629552,					1.11022e-16,					0,
				0,					-1.38778e-17,					-1,					0,
				0.0629552,					0.998016,					1.85075e-21,					0,
				-0.00342354,					0.021338,					0.00662403,					1
			]
			,"name": "HMX5V-JIBI-JIA-MUJU-2"		}
,
		{
			"matrix": [
				4.996e-16,					-4.85723e-17,					-1,					0,
				-0.998016,					0.0629552,					-5.55112e-16,					0,
				0.0629552,					0.998016,					-7.39557e-31,					0,
				-0.00341724,					0.0214378,					0.179665,					1
			]
			,"mesh": 57
			,"name": "HMX5V-DIGAI-DIANJIZUO-MUJU-1"		}
,
		{
			"matrix": [
				0.998016,					-0.0629552,					1.11022e-16,					0,
				0.0629552,					0.998016,					1.47215e-17,					0,
				5.55112e-17,					0,					1,					0,
				-0.00317172,					0.0253301,					0.179665,					1
			]
			,"mesh": 58
			,"name": "BAN-DJ-DIAN-F2-1"		}
,
		{
			"matrix": [
				-0.998016,					0.0629552,					-4.996e-16,					0,
				-2.22045e-16,					2.77556e-17,					1,					0,
				0.0629552,					0.998016,					1.47233e-17,					0,
				0.0109264,					0.0264448,					0.193665,					1
			]
			,"mesh": 59
			,"name": "GB70-M25-6-1"		}
,
		{
			"matrix": [
				0.998016,					-0.0629552,					5.55112e-16,					0,
				-3.33067e-16,					4.16334e-17,					1,					0,
				-0.0629552,					-0.998016,					-9.81493e-18,					0,
				0.0100828,					0.0130713,					0.193665,					1
			]
			,"mesh": 60
			,"name": "GB70-M25-6-3"		}
,
		{
			"matrix": [
				-0.376371,					0.0237416,					-0.926165,					0,
				-0.924328,					0.0583069,					0.377119,					0,
				0.0629552,					0.998016,					-3.46945e-18,					0,
				0.00893039,					0.0265707,					0.153665,					1
			]
			,"mesh": 61
			,"name": "GB70-M25-12-1"		}
,
		{
			"matrix": [
				0.998016,					-0.0629552,					1.11022e-16,					0,
				1.11022e-16,					6.93889e-18,					1,					0,
				-0.0629552,					-0.998016,					-1.47215e-17,					0,
				-0.00987591,					0.025753,					0.172948,					1
			]
			,"mesh": 62
			,"name": "GB70-M3-6-2"		}
,
		{
			"matrix": [
				0.998016,					-0.0629552,					1.11022e-16,					0,
				1.11022e-16,					6.93889e-18,					1,					0,
				-0.0629552,					-0.998016,					-1.47215e-17,					0,
				-0.00881735,					0.0256862,					0.185322,					1
			]
			,"mesh": 63
			,"name": "GB70-M3-6-4"		}
,
		{
			"matrix": [
				1,					0,					0,					0,
				0,					1,					0,					0,
				0,					0,					1,					0,
				-0.00342354,					0.021338,					-0.00357597,					1
			]
			,"mesh": 64
			,"name": "Brazo-1"		}
,
		{
			"matrix": [
				0.998016,					-0.0629552,					1.11022e-16,					0,
				1.11022e-16,					6.93889e-18,					1,					0,
				-0.0629552,					-0.998016,					-1.47215e-17,					0,
				0.00353247,					0.0249072,					0.186383,					1
			]
			,"mesh": 65
			,"name": "GB70-M3-6-1"		}
,
		{
			"matrix": [
				0.998016,					-0.0629552,					1.11022e-16,					0,
				1.11022e-16,					6.93889e-18,					1,					0,
				-0.0629552,					-0.998016,					-1.47215e-17,					0,
				0.00247391,					0.024974,					0.174008,					1
			]
			,"mesh": 66
			,"name": "GB70-M3-6-3"		}
,
		{
			"matrix": [
				-0.998016,					0.0629552,					-5.55112e-16,					0,
				-3.33067e-16,					4.16334e-17,					1,					0,
				0.0629552,					0.998016,					1.47215e-17,					0,
				-0.0151479,					0.0260856,					0.127665,					1
			]
			,"mesh": 67
			,"name": "GB70-M25-10-2"		}
,
		{
			"matrix": [
				-0.998016,					0.0629552,					-5.55112e-16,					0,
				-3.33067e-16,					4.16334e-17,					1,					0,
				0.0629552,					0.998016,					1.47215e-17,					0,
				0.00880448,					0.0245746,					0.127665,					1
			]
			,"mesh": 68
			,"name": "GB70-M25-10-1"		}
,
		{
			"matrix": [
				0.998016,					-0.0629552,					1.66533e-15,					0,
				0.0629552,					0.998016,					1.47215e-17,					0,
				-1.4988e-15,					9.71445e-17,					1,					0,
				-0.00262401,					0.0340129,					0.179665,					1
			]
			,"name": "DJ-2216-KV880-1"		}
,
		{
			"children": [
				98, 99, 100, 101, 102, 103, 104, 105, 106, 107, 108, 109, 110, 111, 112, 113, 114, 115, 116
			]
			,"matrix": [
				0.705704,					0.0629552,					0.705704,					0,
				-0.0445161,					0.998016,					-0.0445161,					0,
				-0.707107,					1.85075e-21,					0.707107,					0,
				-0.0465035,					-0.00508019,					0.0532353,					1
			]
			,"name": "HMX5V-ARM-V1_ASM-7"		}
,
		{
			"matrix": [
				-0.998016,					0.0629552,					-1.11022e-16,					0,
				5.55112e-17,					-6.93889e-18,					-1,					0,
				-0.0629552,					-0.998016,					5.60926e-23,					0,
				-0.00342354,					0.021338,					0.00662403,					1
			]
			,"name": "HMX5V-JIBI-JIA-MUJU-1"		}
,
		{
			"matrix": [
				-1.11022e-16,					0,					-1,					0,
				-0.998016,					0.0629552,					1.10802e-16,					0,
				0.0629552,					0.998016,					-6.98943e-18,					0,
				-0.00342354,					0.021338,					0.179665,					1
			]
			,"mesh": 69
			,"name": "HMX5V-ZUO-DJ-MUJU-1"		}
,
		{
			"matrix": [
				-0.998016,					0.0629552,					-4.996e-16,					0,
				-1.66533e-16,					2.08167e-17,					1,					0,
				0.0629552,					0.998016,					4.91024e-18,					0,
				-0.017018,					0.0282075,					0.193665,					1
			]
			,"mesh": 70
			,"name": "GB70-M25-6-2"		}
,
		{
			"matrix": [
				0.998016,					-0.0629552,					5.55112e-16,					0,
				-3.33067e-16,					2.77556e-17,					1,					0,
				-0.0629552,					-0.998016,					-1.85075e-21,					0,
				-0.0178616,					0.0148341,					0.193665,					1
			]
			,"mesh": 71
			,"name": "GB70-M25-6-4"		}
,
		{
			"matrix": [
				-0.998016,					0.0629552,					-4.44089e-16,					0,
				-1.66533e-16,					2.08167e-17,					1,					0,
				0.0629552,					0.998016,					9.81678e-18,					0,
				-0.015022,					0.0280816,					0.153665,					1
			]
			,"mesh": 72
			,"name": "GB70-M25-12-2"		}
,
		{
			"matrix": [
				0.998016,					-0.0629552,					1.11022e-16,					0,
				5.55112e-17,					-6.93889e-18,					-1,					0,
				0.0629552,					0.998016,					1.85075e-21,					0,
				-0.00342354,					0.021338,					0.00662403,					1
			]
			,"name": "HMX5V-JIBI-JIA-MUJU-2"		}
,
		{
			"matrix": [
				4.996e-16,					-3.46945e-17,					-1,					0,
				-0.998016,					0.0629552,					-5.00794e-16,					0,
				0.0629552,					0.998016,					-3.17321e-18,					0,
				-0.00341724,					0.0214378,					0.179665,					1
			]
			,"mesh": 73
			,"name": "HMX5V-DIGAI-DIANJIZUO-MUJU-1"		}
,
		{
			"matrix": [
				0.998016,					-0.0629552,					0,					0,
				0.0629552,					0.998016,					4.90839e-18,					0,
				-3.09009e-19,					-4.89865e-18,					1,					0,
				-0.00317172,					0.0253301,					0.179665,					1
			]
			,"mesh": 74
			,"name": "BAN-DJ-DIAN-F2-1"		}
,
		{
			"matrix": [
				-0.998016,					0.0629552,					-4.44089e-16,					0,
				-1.66533e-16,					2.08167e-17,					1,					0,
				0.0629552,					0.998016,					4.91024e-18,					0,
				0.0109264,					0.0264448,					0.193665,					1
			]
			,"mesh": 75
			,"name": "GB70-M25-6-1"		}
,
		{
			"matrix": [
				0.998016,					-0.0629552,					5.55112e-16,					0,
				-3.33067e-16,					2.77556e-17,					1,					0,
				-0.0629552,					-0.998016,					-1.85075e-21,					0,
				0.0100828,					0.0130713,					0.193665,					1
			]
			,"mesh": 76
			,"name": "GB70-M25-6-3"		}
,
		{
			"matrix": [
				-0.376371,					0.0237416,					-0.926165,					0,
				-0.924328,					0.0583069,					0.377119,					0,
				0.0629552,					0.998016,					1.73472e-17,					0,
				0.00893039,					0.0265707,					0.153665,					1
			]
			,"mesh": 77
			,"name": "GB70-M25-12-1"		}
,
		{
			"matrix": [
				0.998016,					-0.0629552,					1.11022e-16,					0,
				-1.10362e-16,					1.3965e-17,					1,					0,
				-0.0629552,					-0.998016,					6.98943e-18,					0,
				-0.00987591,					0.025753,					0.172948,					1
			]
			,"mesh": 78
			,"name": "GB70-M3-6-2"		}
,
		{
			"matrix": [
				0.998016,					-0.0629552,					1.11022e-16,					0,
				-1.10362e-16,					1.3965e-17,					1,					0,
				-0.0629552,					-0.998016,					6.98943e-18,					0,
				-0.00881735,					0.0256862,					0.185322,					1
			]
			,"mesh": 79
			,"name": "GB70-M3-6-4"		}
,
		{
			"matrix": [
				1,					0,					0,					0,
				0,					1,					0,					0,
				0,					0,					1,					0,
				-0.00342354,					0.021338,					-0.00357597,					1
			]
			,"mesh": 80
			,"name": "Brazo-1"		}
,
		{
			"matrix": [
				0.998016,					-0.0629552,					1.11022e-16,					0,
				-1.10362e-16,					1.3965e-17,					1,					0,
				-0.0629552,					-0.998016,					6.98943e-18,					0,
				0.00353247,					0.0249072,					0.186383,					1
			]
			,"mesh": 81
			,"name": "GB70-M3-6-1"		}
,
		{
			"matrix": [
				0.998016,					-0.0629552,					1.11022e-16,					0,
				-1.10362e-16,					1.3965e-17,					1,					0,
				-0.0629552,					-0.998016,					6.98943e-18,					0,
				0.00247391,					0.024974,					0.174008,					1
			]
			,"mesh": 82
			,"name": "GB70-M3-6-3"		}
,
		{
			"matrix": [
				-0.998016,					0.0629552,					-6.66134e-16,					0,
				-3.33067e-16,					2.77556e-17,					1,					0,
				0.0629552,					0.998016,					4.90839e-18,					0,
				-0.0151479,					0.0260856,					0.127665,					1
			]
			,"mesh": 83
			,"name": "GB70-M25-10-2"		}
,
		{
			"matrix": [
				-0.998016,					0.0629552,					-6.66134e-16,					0,
				-3.33067e-16,					2.77556e-17,					1,					0,
				0.0629552,					0.998016,					4.90839e-18,					0,
				0.00880448,					0.0245746,					0.127665,					1
			]
			,"mesh": 84
			,"name": "GB70-M25-10-1"		}
,
		{
			"matrix": [
				0.998016,					-0.0629552,					1.60982e-15,					0,
				0.0629552,					0.998016,					4.90839e-18,					0,
				-1.60694e-15,					9.64481e-17,					1,					0,
				-0.00262401,					0.0340129,					0.179665,					1
			]
			,"name": "DJ-2216-KV880-1"		}
,
		{
			"matrix": [
				1,					0,					0,					0,
				0,					0,					-1,					0,
				0,					1,					0,					0,
				0.0580888,					0.032,					-0.0425325,					1
			]
			,"mesh": 85
			,"name": "GB70-M3-38-2"		}
,
		{
			"matrix": [
				1,					0,					0,					0,
				0,					0,					-1,					0,
				0,					1,					0,					0,
				-0.0510178,					0.032,					-0.0665741,					1
			]
			,"mesh": 86
			,"name": "GB70-M3-38-9"		}
,
		{
			"matrix": [
				1,					0,					0,					0,
				0,					1,					0,					0,
				0,					0,					1,					0,
				-0.01525,					0.0082,					0.01525,					1
			]
			,"mesh": 87
			,"name": "ZSLM-M3-DING-4"		}
,
		{
			"matrix": [
				1,					0,					0,					0,
				0,					0,					-1,					0,
				0,					1,					0,					0,
				-0.0580888,					0.032,					0.0425325,					1
			]
			,"mesh": 88
			,"name": "GB70-M3-38-12"		}
,
		{
			"matrix": [
				1,					0,					0,					0,
				0,					0,					-1,					0,
				0,					1,					0,					0,
				-0.0580888,					0.032,					-0.0425325,					1
			]
			,"mesh": 89
			,"name": "GB70-M3-38-13"		}
,
		{
			"matrix": [
				1,					0,					0,					0,
				0,					0,					-1,					0,
				0,					1,					0,					0,
				-0.0425325,					0.032,					-0.0580888,					1
			]
			,"mesh": 90
			,"name": "GB70-M3-38-10"		}
,
		{
			"matrix": [
				1,					0,					0,					0,
				0,					0,					-1,					0,
				0,					1,					0,					0,
				-0.0510178,					0.032,					0.0665741,					1
			]
			,"mesh": 91
			,"name": "GB70-M3-38-11"		}
,
		{
			"matrix": [
				1,					0,					0,					0,
				0,					0,					-1,					0,
				0,					1,					0,					0,
				-0.0665741,					0.032,					0.0510178,					1
			]
			,"mesh": 92
			,"name": "GB70-M3-38-14"		}
,
		{
			"matrix": [
				1,					0,					0,					0,
				0,					0,					-1,					0,
				0,					1,					0,					0,
				0.0665741,					0.032,					-0.0510178,					1
			]
			,"mesh": 93
			,"name": "GB70-M3-38-1"		}
,
		{
			"matrix": [
				1,					0,					0,					0,
				0,					0,					-1,					0,
				0,					1,					0,					0,
				0.0510178,					0.032,					0.0665741,					1
			]
			,"mesh": 94
			,"name": "GB70-M3-38-6"		}
,
		{
			"matrix": [
				-0.837169,					0,					-0.546944,					0,
				0,					-1,					0,					0,
				-0.546944,					0,					0.837169,					0,
				0.0425325,					5.72459e-17,					0.0580888,					1
			]
			,"mesh": 95
			,"name": "ZSLM-M3-FALAN-3"		}
,
		{
			"matrix": [
				-1,					0,					0,					0,
				0,					0,					1,					0,
				0,					1,					0,					0,
				-0.0135,					0.002,					-0.043,					1
			]
			,"mesh": 96
			,"name": "GB70-M3-8-DING-19"		}
,
		{
			"matrix": [
				-0.866025,					0,					-0.5,					0,
				-0.5,					0,					0.866025,					0,
				0,					1,					0,					0,
				-0.0135,					0.002,					0.043,					1
			]
			,"mesh": 97
			,"name": "GB70-M3-8-DING-15"		}
,
		{
			"matrix": [
				-0.837169,					0,					-0.546944,					0,
				0,					-1,					0,					0,
				-0.546944,					0,					0.837169,					0,
				-0.0665741,					5.72459e-17,					-0.0510178,					1
			]
			,"mesh": 98
			,"name": "ZSLM-M3-FALAN-11"		}
,
		{
			"matrix": [
				-0.837169,					0,					-0.546944,					0,
				0,					-1,					0,					0,
				-0.546944,					0,					0.837169,					0,
				-0.0510178,					5.72459e-17,					0.0665741,					1
			]
			,"mesh": 99
			,"name": "ZSLM-M3-FALAN-17"		}
,
		{
			"matrix": [
				-0.837169,					0,					-0.546944,					0,
				0,					-1,					0,					0,
				-0.546944,					0,					0.837169,					0,
				-0.0510178,					5.72459e-17,					-0.0665741,					1
			]
			,"mesh": 100
			,"name": "ZSLM-M3-FALAN-13"		}
,
		{
			"matrix": [
				-0.5,					0,					0.866025,					0,
				0.866025,					0,					0.5,					0,
				0,					1,					0,					0,
				0.0135,					0.002,					-0.043,					1
			]
			,"mesh": 101
			,"name": "GB70-M3-8-DING-18"		}
,
		{
			"matrix": [
				-0.837169,					0,					-0.546944,					0,
				0,					-1,					0,					0,
				-0.546944,					0,					0.837169,					0,
				-0.0425325,					5.72459e-17,					0.0580888,					1
			]
			,"mesh": 102
			,"name": "ZSLM-M3-FALAN-15"		}
,
		{
			"matrix": [
				-0.837169,					0,					-0.546944,					0,
				0,					-1,					0,					0,
				-0.546944,					0,					0.837169,					0,
				0.0665741,					5.72459e-17,					-0.0510178,					1
			]
			,"mesh": 103
			,"name": "ZSLM-M3-FALAN-6"		}
,
		{
			"matrix": [
				-0.837169,					0,					-0.546944,					0,
				0,					-1,					0,					0,
				-0.546944,					0,					0.837169,					0,
				0.0665741,					5.72459e-17,					0.0510178,					1
			]
			,"mesh": 104
			,"name": "ZSLM-M3-FALAN-4"		}
,
		{
			"matrix": [
				-0.837169,					0,					-0.546944,					0,
				0,					-1,					0,					0,
				-0.546944,					0,					0.837169,					0,
				-0.0665741,					5.72459e-17,					0.0510178,					1
			]
			,"mesh": 105
			,"name": "ZSLM-M3-FALAN-14"		}
,
		{
			"matrix": [
				-0.837169,					0,					-0.546944,					0,
				0,					-1,					0,					0,
				-0.546944,					0,					0.837169,					0,
				-0.0425325,					5.72459e-17,					-0.0580888,					1
			]
			,"mesh": 106
			,"name": "ZSLM-M3-FALAN-12"		}
,
		{
			"matrix": [
				-0.837169,					0,					-0.546944,					0,
				0,					-1,					0,					0,
				-0.546944,					0,					0.837169,					0,
				-0.0580888,					5.72459e-17,					0.0425325,					1
			]
			,"mesh": 107
			,"name": "ZSLM-M3-FALAN-16"		}
,
		{
			"matrix": [
				-0.866025,					0,					-0.5,					0,
				-0.5,					0,					0.866025,					0,
				0,					1,					0,					0,
				0.0135,					0.002,					0.068,					1
			]
			,"mesh": 108
			,"name": "GB70-M3-8-DING-16"		}
,
		{
			"matrix": [
				-0.837169,					0,					-0.546944,					0,
				0,					-1,					0,					0,
				-0.546944,					0,					0.837169,					0,
				0.0580888,					5.72459e-17,					0.0425325,					1
			]
			,"mesh": 109
			,"name": "ZSLM-M3-FALAN-5"		}
,
		{
			"matrix": [
				-0.837169,					0,					-0.546944,					0,
				0,					-1,					0,					0,
				-0.546944,					0,					0.837169,					0,
				0.0580888,					5.72459e-17,					-0.0425325,					1
			]
			,"mesh": 110
			,"name": "ZSLM-M3-FALAN-7"		}
,
		{
			"matrix": [
				-0.837169,					0,					-0.546944,					0,
				0,					-1,					0,					0,
				-0.546944,					0,					0.837169,					0,
				0.0425325,					5.72459e-17,					-0.0580888,					1
			]
			,"mesh": 111
			,"name": "ZSLM-M3-FALAN-9"		}
,
		{
			"matrix": [
				-0.837169,					0,					-0.546944,					0,
				0,					-1,					0,					0,
				-0.546944,					0,					0.837169,					0,
				-0.0580888,					5.72459e-17,					-0.0425325,					1
			]
			,"mesh": 112
			,"name": "ZSLM-M3-FALAN-10"		}
,
		{
			"matrix": [
				-0.837169,					0,					-0.546944,					0,
				0,					-1,					0,					0,
				-0.546944,					0,					0.837169,					0,
				0.0510178,					5.72459e-17,					-0.0665741,					1
			]
			,"mesh": 113
			,"name": "ZSLM-M3-FALAN-8"		}
,
		{
			"matrix": [
				-0.866025,					0,					-0.5,					0,
				-0.5,					0,					0.866025,					0,
				0,					1,					0,					0,
				-0.0135,					0.002,					0.068,					1
			]
			,"mesh": 114
			,"name": "GB70-M3-8-DING-14"		}
,
		{
			"matrix": [
				-0.866025,					0,					-0.5,					0,
				-0.5,					0,					0.866025,					0,
				0,					1,					0,					0,
				0.0135,					0.002,					0.043,					1
			]
			,"mesh": 115
			,"name": "GB70-M3-8-DING-17"		}
,
		{
			"matrix": [
				-0.5,					0,					0.866025,					0,
				0.866025,					0,					0.5,					0,
				0,					1,					0,					0,
				0.0135,					0.002,					-0.068,					1
			]
			,"mesh": 116
			,"name": "GB70-M3-8-DING-20"		}
,
		{
			"matrix": [
				-1,					0,					0,					0,
				0,					0,					1,					0,
				0,					1,					0,					0,
				-0.0135,					0.002,					-0.068,					1
			]
			,"mesh": 117
			,"name": "GB70-M3-8-DING-21"		}
,
		{
			"children": [
				151, 152, 153, 154, 155, 156, 157, 158, 159, 160, 161, 162, 163, 164, 165, 166
			]
			,"matrix": [
				5.55112e-17,					0.302244,					-0.953231,					0,
				1,					-1.19412e-17,					5.55112e-17,					0,
				1.38778e-17,					-0.953231,					-0.302244,					0,
				0.00129026,					0.0886185,					-0.0293853,					1
			]
			,"name": "Leg-1"		}
,
		{
			"matrix": [
				2.67427e-17,					1,					8.48256e-18,					0,
				5.55112e-17,					-9.24446e-33,					1,					0,
				1,					-2.77556e-17,					0,					0,
				0.000353313,					-0.0132903,					0.288,					1
			]
			,"mesh": 118
			,"name": "GB70-M3-8-DING-2"		}
,
		{
			"matrix": [
				1,					0,					0,					0,
				0,					1,					0,					0,
				0,					0,					1,					0,
				-0.00264669,					-0.00129026,					0.099,					1
			]
			,"mesh": 119
			,"name": "GUAN-CHENG-1"		}
,
		{
			"matrix": [
				0,					0.866025,					-0.5,					0,
				-1,					-2.28542e-17,					-3.95846e-17,					0,
				-4.57083e-17,					0.5,					0.866025,					0,
				-0.00364669,					-0.0132903,					0.288,					1
			]
			,"mesh": 120
			,"name": "LM-M3-DING-2"		}
,
		{
			"matrix": [
				2.67427e-17,					1,					8.48256e-18,					0,
				-1,					2.67427e-17,					-5.55112e-17,					0,
				-5.55112e-17,					-8.48256e-18,					1,					0,
				0.00685331,					-0.00129026,					0.3005,					1
			]
			,"mesh": 121
			,"name": "LM-M3-DING-4"		}
,
		{
			"matrix": [
				0.866025,					3.25949e-18,					0.5,					0,
				-6.83952e-18,					1,					5.32742e-18,					0,
				-0.5,					-8.03344e-18,					0.866025,					0,
				-0.00264669,					0.00795974,					0.1055,					1
			]
			,"mesh": 122
			,"name": "LM-M3-DING-1"		}
,
		{
			"matrix": [
				0.943867,					-2.99556e-17,					-0.330325,					0,
				0.330325,					-1.49655e-18,					0.943867,					0,
				-2.87685e-17,					-1,					8.48256e-18,					0,
				-0.00264669,					0.11171,					0.308,					1
			]
			,"mesh": 123
			,"name": "JIAO-EVA-2"		}
,
		{
			"matrix": [
				1,					-2.87685e-17,					5.55112e-17,					0,
				-5.55112e-17,					8.48256e-18,					1,					0,
				-2.87685e-17,					-1,					8.48256e-18,					0,
				-0.00264669,					-0.0212903,					0.308,					1
			]
			,"mesh": 124
			,"name": "JIAO-EVA-1"		}
,
		{
			"matrix": [
				-0.727158,					2.67423e-17,					0.68647,					0,
				0.68647,					-1.35805e-17,					0.727158,					0,
				2.87685e-17,					1,					-8.48256e-18,					0,
				-0.00264669,					-0.00129026,					0.308,					1
			]
			,"mesh": 125
			,"name": "CARBON-FIBER-TUBE-1"		}
,
		{
			"matrix": [
				0.989501,					2.23647e-19,					0.144524,					0,
				-1.23422e-18,					1,					8.45023e-18,					0,
				-0.144524,					1.54074e-33,					0.989501,					0,
